/workspace/datasets/gustavo/jequitaia/01_source/sample-4443-0020.png, 0, 0, 320.8162536621094, 68.32749938964844, 155.37503, 77.731415, 330.81625, 78.3275, 20.04525, 1
/workspace/datasets/gustavo/jequitaia/01_source/sample-5594-0040.png, 0, 0, 267.21820068359375, 67.5143814086914, 106.93414, 96.19647, 277.2182, 77.51438, 39.093853, 1
/workspace/datasets/gustavo/jequitaia/01_source/sample-1180-0030.png, 0, 0, 357.62310791015625, 82.40570068359375, 159.89789, 102.40364, 367.6231, 92.4057, 30.34325, 1
/workspace/datasets/gustavo/jequitaia/01_source/sample-209-0110.png, 0, 0, 390.26654052734375, 79.36580657958984, 75.49634, 193.13501, 400.26654, 89.36581, 109.98311, 1
/workspace/datasets/gustavo/jequitaia/01_source/sample-3820.png, 0, 0, 361.6609802246094, 88.5332260131836, 151.53656, 115.684845, 371.66098, 98.533226, 33.814625, 1
/workspace/datasets/gustavo/jequitaia/01_source/sample-4215-0020.png, 0, 0, 365.36236572265625, 84.86833190917969, 175.04999, 76.350006, 375.36237, 94.86833, 18.434952, 1
/workspace/datasets/gustavo/jequitaia/01_source/sample-2501-0100.png, 0, 0, 363.01702880859375, 78.69222259521484, 51.9364, 184.58673, 373.01703, 88.69222, 99.68878, 1
/workspace/datasets/gustavo/jequitaia/01_source/sample-2506-0140.png, 0, 0, 357.3377990722656, 73.60807037353516, 144.09015, 123.00818, 367.3378, 83.60807, 140.19443, 1
/workspace/datasets/gustavo/jequitaia/01_source/sample-1183-0130.png, 0, 0, 356.82562255859375, 77.57722473144531, 119.72949, 148.52457, 366.82562, 87.577225, 129.80557, 1
/workspace/datasets/gustavo/jequitaia/01_source/sample-4250-0000.png, 0, 0, 369.0, 89.0, 189.5, 49.5, 379.0, 99.0, -0.0, 1
/workspace/datasets/gustavo/jequitaia/01_source/sample-4489-0080.png, 0, 0, 307.1256103515625, 79.10424041748047, 53.202698, 156.21619, 317.1256, 89.10424, 80.537674, 1
/workspace/datasets/gustavo/jequitaia/01_source/sample-4497-0070.png, 0, 0, 310.1075134277344, 78.834228515625, 72.760284, 152.5274, 320.1075, 88.83423, 69.443954, 1
/workspace/datasets/gustavo/jequitaia/01_source/sample-2376-0100.png, 0, 0, 365.56256103515625, 72.70401763916016, 53.59491, 186.04266, 375.56256, 82.70402, 100.17551, 1
/workspace/datasets/gustavo/jequitaia/01_source/sample-4569-0110.png, 0, 0, 302.90521240234375, 78.63545989990234, 62.918945, 140.57706, 312.9052, 88.63546, 109.88516, 1
/workspace/datasets/gustavo/jequitaia/01_source/sample-4004-0130.png, 0, 0, 357.81402587890625, 82.83406829833984, 120.19327, 148.22235, 367.81403, 92.83407, 130.03026, 1
/workspace/datasets/gustavo/jequitaia/01_source/sample-1797-0060.png, 0, 0, 367.508056640625, 89.43291473388672, 108.02179, 161.35577, 377.50806, 99.432915, 59.93141, 1
/workspace/datasets/gustavo/jequitaia/01_source/sample-1090-0040.png, 0, 0, 355.92547607421875, 78.27323913574219, 140.45056, 123.256165, 365.92548, 88.27324, 39.876835, 1
/workspace/datasets/gustavo/jequitaia/01_source/sample-666-0000.png, 0, 0, 405.99993896484375, 82.99998474121094, 207.99997, 46.49997, 415.99994, 92.999985, 0.0, 1
/workspace/datasets/gustavo/jequitaia/01_source/sample-3578-0140.png, 0, 0, 373.8751220703125, 76.83261108398438, 160.02438, 119.78052, 383.87512, 86.83261, 141.3402, 1
/workspace/datasets/gustavo/jequitaia/01_source/sample-3951-0020.png, 0, 0, 367.82275390625, 83.3360366821289, 176.38031, 78.776886, 377.82275, 93.33604, 19.798874, 1
/workspace/datasets/gustavo/jequitaia/01_source/sample-1683-0000.png, 0, 0, 349.99993896484375, 85.99998474121094, 179.99997, 47.99997, 359.99994, 95.999985, 0.0, 1
/workspace/datasets/gustavo/jequitaia/01_source/sample-122-0090.png, 0, 0, 385.0, 78.0, 44.0, 197.5, 395.0, 88.0, 90.0, 1
/workspace/datasets/gustavo/jequitaia/01_source/sample-808-0020.png, 0, 0, 381.03948974609375, 74.92314910888672, 184.12775, 71.77374, 391.0395, 84.92315, 19.9831, 1
/workspace/datasets/gustavo/jequitaia/01_source/sample-2278-0010.png, 0, 0, 363.2109375, 76.54987335205078, 183.95001, 56.850006, 373.21094, 86.54987, 8.130104, 1
/workspace/datasets/gustavo/jequitaia/01_source/sample-1280-0110.png, 0, 0, 353.3782958984375, 82.16490173339844, 75.67828, 169.54156, 363.3783, 92.1649, 111.2505, 1
/workspace/datasets/gustavo/jequitaia/01_source/sample-5052-0140.png, 0, 0, 309.7352294921875, 73.5128173828125, 120.487885, 104.89264, 319.73523, 83.51282, 139.86452, 1
/workspace/datasets/gustavo/jequitaia/01_source/sample-1646-0040.png, 0, 0, 314.20257568359375, 93.90967559814453, 136.91174, 94.352936, 324.20258, 103.909676, 40.601295, 1
/workspace/datasets/gustavo/jequitaia/01_source/sample-4638-0040.png, 0, 0, 293.6295166015625, 80.21927642822266, 107.990295, 118.386566, 303.62952, 90.21928, 40.100903, 1
/workspace/datasets/gustavo/jequitaia/01_source/sample-274-0070.png, 0, 0, 376.78118896484375, 78.7814712524414, 84.716156, 178.95749, 386.7812, 88.78147, 69.90477, 1
/workspace/datasets/gustavo/jequitaia/01_source/sample-3024-0030.png, 0, 0, 359.0032958984375, 87.61532592773438, 162.94614, 103.46924, 369.0033, 97.615326, 29.744884, 1
/workspace/datasets/gustavo/jequitaia/01_source/sample-2947-0090.png, 0, 0, 367.0, 84.0, 47.0, 188.5, 377.0, 94.0, 90.0, 1
/workspace/datasets/gustavo/jequitaia/01_source/sample-4204-0150.png, 0, 0, 352.3794860839844, 85.01333618164062, 160.40378, 91.46448, 362.3795, 95.013336, 150.06848, 1
/workspace/datasets/gustavo/jequitaia/01_source/sample-4693-0100.png, 0, 0, 317.3086853027344, 74.85151672363281, 49.791565, 159.3089, 327.3087, 84.85152, 99.78241, 1
/workspace/datasets/gustavo/jequitaia/01_source/sample-370-0050.png, 0, 0, 266.2940368652344, 75.4687728881836, 94.60535, 105.93756, 276.29404, 85.46877, 49.899097, 1
/workspace/datasets/gustavo/jequitaia/01_source/sample-4887-0180.png, 0, 0, 302.0, 68.0, 156.0, 39.0, 312.0, 78.0, 0.0, 1
/workspace/datasets/gustavo/jequitaia/01_source/sample-4208-0150.png, 0, 0, 362.32342529296875, 82.43773651123047, 157.29413, 101.32352, 372.32343, 92.43774, 149.03624, 1
/workspace/datasets/gustavo/jequitaia/01_source/sample-4722-0180.png, 0, 0, 309.0, 79.0, 159.5, 44.5, 319.0, 89.0, 0.0, 1
/workspace/datasets/gustavo/jequitaia/01_source/sample-2743-0160.png, 0, 0, 370.2745666503906, 83.38129425048828, 183.2591, 80.587555, 380.27457, 93.381294, 160.01689, 1
/workspace/datasets/gustavo/jequitaia/01_source/sample-1146-0130.png, 0, 0, 353.25421142578125, 78.67504119873047, 116.67395, 145.14398, 363.2542, 88.67504, 129.61069, 1
/workspace/datasets/gustavo/jequitaia/01_source/sample-622-0110.png, 0, 0, 404.4045104980469, 81.30372619628906, 76.990814, 192.13663, 414.4045, 91.30373, 109.798874, 1
/workspace/datasets/gustavo/jequitaia/01_source/sample-5183-0150.png, 0, 0, 272.0237731933594, 69.39567565917969, 117.02847, 82.19168, 282.02377, 79.395676, 149.74356, 1
/workspace/datasets/gustavo/jequitaia/01_source/sample-1193-0020.png, 0, 0, 357.1884765625, 83.2416763305664, 171.2085, 78.07681, 367.18848, 93.24168, 20.224854, 1
/workspace/datasets/gustavo/jequitaia/01_source/sample-2373-0080.png, 0, 0, 366.60791015625, 74.25701904296875, 51.94037, 184.5321, 376.6079, 84.25702, 80.13419, 1
/workspace/datasets/gustavo/jequitaia/01_source/sample-1925-0170.png, 0, 0, 361.9028625488281, 86.41926574707031, 183.432, 60.375977, 371.90286, 96.419266, 169.69516, 1
/workspace/datasets/gustavo/jequitaia/01_source/sample-4779-0010.png, 0, 0, 196.3207244873047, 69.24031066894531, 102.37836, 43.229736, 206.32072, 79.24031, 9.462326, 1
/workspace/datasets/gustavo/jequitaia/01_source/sample-5594-0170.png, 0, 0, 266.5549621582031, 67.3283920288086, 136.00888, 45.049652, 276.55496, 77.32839, 169.8245, 1
/workspace/datasets/gustavo/jequitaia/01_source/sample-5596-0130.png, 0, 0, 267.21820068359375, 67.5143814086914, 88.80356, 106.93417, 277.2182, 77.51438, 129.09386, 1
/workspace/datasets/gustavo/jequitaia/01_source/sample-2660-0110.png, 0, 0, 359.9849853515625, 76.14493560791016, 77.1369, 174.69547, 369.985, 86.144936, 109.44003, 1
/workspace/datasets/gustavo/jequitaia/01_source/sample-2446-0140.png, 0, 0, 357.8261413574219, 78.86072540283203, 142.73035, 127.00455, 367.82614, 88.860725, 140.37099, 1
/workspace/datasets/gustavo/jequitaia/01_source/sample-3898-0000.png, 0, 0, 372.0, 87.0, 191.0, 48.5, 382.0, 97.0, -0.0, 1
/workspace/datasets/gustavo/jequitaia/01_source/sample-458-0110.png, 0, 0, 385.8336486816406, 80.29216766357422, 74.67569, 182.05408, 395.83365, 90.29217, 110.282555, 1
/workspace/datasets/gustavo/jequitaia/01_source/sample-1160-0120.png, 0, 0, 367.2711486816406, 81.94659423828125, 93.12837, 165.94553, 377.27115, 91.946594, 120.14139, 1
/workspace/datasets/gustavo/jequitaia/01_source/sample-1692-0090.png, 0, 0, 351.0, 92.0, 51.0, 180.5, 361.0, 102.0, 90.0, 1
/workspace/datasets/gustavo/jequitaia/01_source/sample-5016-0000.png, 0, 0, 305.0, 69.0, 157.5, 39.5, 315.0, 79.0, 0.0, 1
/workspace/datasets/gustavo/jequitaia/01_source/sample-3245-0030.png, 0, 0, 370.1346130371094, 81.56055450439453, 155.83417, 116.069916, 380.1346, 91.560555, 30.256435, 1
/workspace/datasets/gustavo/jequitaia/01_source/sample-2448-0110.png, 0, 0, 374.6318054199219, 77.48622131347656, 80.37225, 182.22626, 384.6318, 87.48622, 109.98311, 1
/workspace/datasets/gustavo/jequitaia/01_source/sample-325-0140.png, 0, 0, 382.24066162109375, 75.31458282470703, 158.50171, 131.47571, 392.24066, 85.31458, 139.18492, 1
/workspace/datasets/gustavo/jequitaia/01_source/sample-3351-0080.png, 0, 0, 369.91253662109375, 82.0224380493164, 54.441162, 189.49475, 379.91254, 92.02244, 79.854454, 1
/workspace/datasets/gustavo/jequitaia/01_source/sample-239-0180.png, 0, 0, 376.0, 72.0, 193.0, 41.0, 386.0, 82.0, 0.0, 1
/workspace/datasets/gustavo/jequitaia/01_source/sample-1779-0110.png, 0, 0, 363.29998779296875, 96.79151916503906, 68.7569, 175.96976, 373.3, 106.79152, 109.83213, 1
/workspace/datasets/gustavo/jequitaia/01_source/sample-2525-0020.png, 0, 0, 358.0774230957031, 82.64903259277344, 167.39877, 84.98901, 368.07742, 92.64903, 20.224854, 1
/workspace/datasets/gustavo/jequitaia/01_source/sample-1831-0010.png, 0, 0, 364.3514404296875, 91.48155212402344, 184.11694, 60.709442, 374.35144, 101.48155, 10.619652, 1
/workspace/datasets/gustavo/jequitaia/01_source/sample-2004-0040.png, 0, 0, 372.0620422363281, 75.65666961669922, 151.79507, 116.24591, 382.06204, 85.65667, 39.805573, 1
/workspace/datasets/gustavo/jequitaia/01_source/sample-1133-0100.png, 0, 0, 363.18426513671875, 83.25, 56.873596, 182.0075, 373.18427, 93.25, 100.61965, 1
/workspace/datasets/gustavo/jequitaia/01_source/sample-1793-0000.png, 0, 0, 353.0, 87.0, 181.5, 48.5, 363.0, 97.0, -0.0, 1
/workspace/datasets/gustavo/jequitaia/01_source/sample-2747-0050.png, 0, 0, 367.9092712402344, 78.11061096191406, 122.17499, 152.07947, 377.90927, 88.11061, 49.69868, 1
/workspace/datasets/gustavo/jequitaia/01_source/sample-2221-0160.png, 0, 0, 393.39056396484375, 76.14143371582031, 191.58987, 74.75076, 403.39056, 86.14143, 160.27773, 1
/workspace/datasets/gustavo/jequitaia/01_source/sample-1990-0130.png, 0, 0, 373.98480224609375, 82.86141204833984, 122.16739, 145.87558, 383.9848, 92.86141, 130.156, 1
/workspace/datasets/gustavo/jequitaia/01_source/sample-5301.png, 0, 0, 268.76922607421875, 68.0, 59.946747, 132.2722, 278.76923, 78.0, 67.380135, 1
/workspace/datasets/gustavo/jequitaia/01_source/sample-193-0120.png, 0, 0, 384.2120361328125, 74.63780975341797, 115.118164, 170.50931, 394.21204, 84.63781, 119.96219, 1
/workspace/datasets/gustavo/jequitaia/01_source/sample-3983-0020.png, 0, 0, 371.6868896484375, 81.70604705810547, 180.75, 71.25003, 381.6869, 91.70605, 18.434952, 1
/workspace/datasets/gustavo/jequitaia/01_source/sample-1619-0100.png, 0, 0, 341.49969482421875, 88.28721618652344, 58.57361, 174.60748, 351.4997, 98.28722, 100.61965, 1
/workspace/datasets/gustavo/jequitaia/01_source/sample-3680-0000.png, 0, 0, 367.0, 79.0, 188.5, 44.5, 377.0, 89.0, 0.0, 1
/workspace/datasets/gustavo/jequitaia/01_source/sample-2781-0010.png, 0, 0, 363.8600158691406, 76.55418395996094, 185.27359, 54.20755, 373.86002, 86.554184, 10.619652, 1
/workspace/datasets/gustavo/jequitaia/01_source/sample-3340-0170.png, 0, 0, 381.94378662109375, 84.12215423583984, 192.86945, 61.254883, 391.9438, 94.122154, 170.05943, 1
/workspace/datasets/gustavo/jequitaia/01_source/sample-5640-0070.png, 0, 0, 289.6278076171875, 65.22550201416016, 61.522278, 143.49219, 299.6278, 75.2255, 70.70995, 1
/workspace/datasets/gustavo/jequitaia/01_source/sample-4580-0010.png, 0, 0, 270.5711669921875, 68.55992889404297, 131.65686, 61.722992, 280.57117, 78.55993, 9.865814, 1
/workspace/datasets/gustavo/jequitaia/01_source/sample-2287-0080.png, 0, 0, 377.41180419921875, 76.12447357177734, 57.07022, 191.93274, 387.4118, 86.12447, 79.9025, 1
/workspace/datasets/gustavo/jequitaia/01_source/sample-678.png, 0, 0, 392.1175231933594, 79.8943862915039, 201.06677, 44.59343, 402.11752, 89.89439, 0.707314, 1
/workspace/datasets/gustavo/jequitaia/01_source/sample-3630.png, 0, 0, 339.5408020019531, 81.7936019897461, 159.10724, 80.52164, 349.5408, 91.7936, 22.714409, 1
/workspace/datasets/gustavo/jequitaia/01_source/sample-4905-0140.png, 0, 0, 286.54217529296875, 71.89979553222656, 105.37619, 95.92401, 296.54218, 81.899796, 139.96974, 1
/workspace/datasets/gustavo/jequitaia/01_source/sample-2570.png, 0, 0, 362.19659423828125, 75.14026641845703, 178.75739, 66.14404, 372.1966, 85.14027, 14.300278, 1
/workspace/datasets/gustavo/jequitaia/01_source/sample-97.png, 0, 0, 384.99468994140625, 79.62445068359375, 197.28125, 45.827286, 394.9947, 89.62445, 178.76802, 1
/workspace/datasets/gustavo/jequitaia/01_source/sample-5232.png, 0, 0, 221.8646697998047, 65.43922424316406, 97.076904, 72.38461, 231.86467, 75.439224, 33.69007, 1
/workspace/datasets/gustavo/jequitaia/01_source/sample-4251-0170.png, 0, 0, 367.518798828125, 88.65482330322266, 183.62933, 60.223145, 377.5188, 98.65482, 170.75389, 1
/workspace/datasets/gustavo/jequitaia/01_source/sample-4622-0020.png, 0, 0, 291.8504943847656, 77.4938735961914, 140.50818, 66.18753, 301.8505, 87.49387, 20.256462, 1
/workspace/datasets/gustavo/jequitaia/01_source/sample-2366-0010.png, 0, 0, 373.6600646972656, 79.90494537353516, 187.58221, 61.867462, 383.66006, 89.904945, 10.00798, 1
/workspace/datasets/gustavo/jequitaia/01_source/sample-2520-0000.png, 0, 0, 368.0, 82.0, 189.0, 46.0, 378.0, 92.0, -0.0, 1
/workspace/datasets/gustavo/jequitaia/01_source/sample-1956-0090.png, 0, 0, 371.0, 88.0, 49.0, 190.5, 381.0, 98.0, 90.0, 1
/workspace/datasets/gustavo/jequitaia/01_source/sample-5272-0160.png, 0, 0, 263.13812255859375, 67.74654388427734, 125.17883, 61.11682, 273.13812, 77.746544, 160.01689, 1
/workspace/datasets/gustavo/jequitaia/01_source/sample-343-0020.png, 0, 0, 387.8448791503906, 80.09938049316406, 185.36615, 89.371826, 397.84488, 90.09938, 19.798874, 1
/workspace/datasets/gustavo/jequitaia/01_source/sample-3575-0170.png, 0, 0, 370.0010681152344, 74.91580963134766, 188.24551, 55.38385, 380.00107, 84.91581, 169.93932, 1
/workspace/datasets/gustavo/jequitaia/01_source/sample-2888-0100.png, 0, 0, 366.4304504394531, 79.1473159790039, 56.971344, 184.2149, 376.43045, 89.147316, 100.20397, 1
/workspace/datasets/gustavo/jequitaia/01_source/sample-299-0010.png, 0, 0, 381.7093200683594, 73.16496276855469, 194.78687, 58.224182, 391.70932, 83.16496, 10.030212, 1
/workspace/datasets/gustavo/jequitaia/01_source/sample-3111.png, 0, 0, 366.1703186035156, 75.20596313476562, 176.3151, 78.493164, 376.17032, 85.20596, 20.556046, 1
/workspace/datasets/gustavo/jequitaia/01_source/sample-1692-0110.png, 0, 0, 350.8216552734375, 91.30451965332031, 66.96832, 174.48871, 360.82166, 101.30452, 109.653824, 1
/workspace/datasets/gustavo/jequitaia/01_source/sample-5618-0070.png, 0, 0, 270.6090393066406, 73.10671997070312, 50.20935, 136.52667, 280.60904, 83.10672, 70.70995, 1
/workspace/datasets/gustavo/jequitaia/01_source/sample-5482-0030.png, 0, 0, 271.303955078125, 74.07447814941406, 119.062164, 77.036255, 281.30396, 84.07448, 30.256435, 1
/workspace/datasets/gustavo/jequitaia/01_source/sample-131-0100.png, 0, 0, 384.61907958984375, 75.64787292480469, 54.53543, 194.45218, 394.61908, 85.64787, 99.9638, 1
/workspace/datasets/gustavo/jequitaia/01_source/sample-1330-0100.png, 0, 0, 352.8148498535156, 83.93962860107422, 57.365387, 176.67303, 362.81485, 93.93963, 101.30993, 1
/workspace/datasets/gustavo/balsa/01_source/sample-1180-0030.png, 0, 0, 136.89308166503906, 67.95159149169922, 74.62839, 69.64459, 146.89308, 77.95159, 29.962189, 2
/workspace/datasets/gustavo/balsa/01_source/sample-209-0110.png, 0, 0, 136.7786407470703, 76.54643249511719, 65.17883, 77.883194, 146.77864, 86.54643, 109.9831, 2
/workspace/datasets/gustavo/balsa/01_source/sample-2501-0100.png, 0, 0, 113.98821258544922, 55.576515197753906, 42.41275, 60.808838, 123.98821, 65.576515, 99.97206, 2
/workspace/datasets/gustavo/balsa/01_source/sample-2506-0140.png, 0, 0, 109.9103775024414, 56.41461181640625, 65.47409, 62.560333, 119.91038, 66.41461, 139.76364, 2
/workspace/datasets/gustavo/balsa/01_source/sample-1183-0130.png, 0, 0, 144.14974975585938, 69.87283325195312, 79.16205, 79.057556, 154.14975, 79.87283, 130.1009, 2
/workspace/datasets/gustavo/balsa/01_source/sample-2376-0100.png, 0, 0, 115.90655517578125, 52.75715637207031, 42.769226, 67.15387, 125.906555, 62.757156, 101.30993, 2
/workspace/datasets/gustavo/balsa/01_source/sample-1090-0040.png, 0, 0, 124.0623779296875, 62.22808837890625, 58.867264, 69.65689, 134.06238, 72.22809, 40.236355, 2
/workspace/datasets/gustavo/balsa/01_source/sample-666-0000.png, 0, 0, 126.0, 67.0, 68.0, 38.5, 136.0, 77.0, -0.0, 2
/workspace/datasets/gustavo/balsa/01_source/sample-1683-0000.png, 0, 0, 127.0, 74.0, 68.5, 42.0, 137.0, 84.0, -0.0, 2
/workspace/datasets/gustavo/balsa/01_source/sample-122-0090.png, 0, 0, 132.0, 67.0, 38.5, 71.0, 142.0, 77.0, 90.0, 2
/workspace/datasets/gustavo/balsa/01_source/sample-808-0020.png, 0, 0, 130.0371551513672, 70.12541961669922, 72.75876, 61.15143, 140.03716, 80.12542, 20.323135, 2
/workspace/datasets/gustavo/balsa/01_source/sample-1280-0110.png, 0, 0, 148.01329040527344, 69.7110824584961, 63.528534, 86.00079, 158.01329, 79.71108, 110.071526, 2
/workspace/datasets/gustavo/balsa/01_source/sample-1646-0040.png, 0, 0, 140.90206909179688, 69.58456420898438, 74.71625, 77.83383, 150.90207, 79.584564, 40.364536, 2
/workspace/datasets/gustavo/balsa/01_source/sample-274-0070.png, 0, 0, 137.38111877441406, 69.71196746826172, 59.136963, 81.48987, 147.38112, 79.71197, 70.232834, 2
/workspace/datasets/gustavo/balsa/01_source/sample-3024-0030.png, 0, 0, 125.45783996582031, 60.767608642578125, 68.09094, 63.34369, 135.45784, 70.76761, 30.183681, 2
/workspace/datasets/gustavo/balsa/01_source/sample-2947-0090.png, 0, 0, 120.0, 61.0, 35.5, 65.0, 130.0, 71.0, 90.0, 2
/workspace/datasets/gustavo/balsa/01_source/sample-370-0050.png, 0, 0, 137.81166076660156, 79.55684661865234, 76.00752, 83.9137, 147.81166, 89.55685, 49.969738, 2
/workspace/datasets/gustavo/balsa/01_source/sample-2743-0160.png, 0, 0, 117.13269805908203, 60.60418701171875, 70.941895, 52.060913, 127.1327, 70.60419, 160.20113, 2
/workspace/datasets/gustavo/balsa/01_source/sample-1146-0130.png, 0, 0, 133.94847106933594, 73.94257354736328, 77.963745, 81.8624, 143.94847, 83.94257, 130.00626, 2
/workspace/datasets/gustavo/balsa/01_source/sample-1193-0020.png, 0, 0, 132.74423217773438, 69.67813110351562, 78.8331, 61.215607, 142.74423, 79.67813, 20.037209, 2
/workspace/datasets/gustavo/balsa/01_source/sample-2373-0080.png, 0, 0, 114.6583251953125, 49.99314880371094, 38.648987, 65.24396, 124.658325, 59.99315, 80.3948, 2
/workspace/datasets/gustavo/balsa/01_source/sample-2660-0110.png, 0, 0, 116.27051544189453, 61.06842803955078, 54.27481, 70.76959, 126.270515, 71.06843, 109.88516, 2
/workspace/datasets/gustavo/balsa/01_source/sample-2446-0140.png, 0, 0, 118.70156860351562, 58.799827575683594, 70.22174, 63.67816, 128.70157, 68.79983, 140.09212, 2
/workspace/datasets/gustavo/balsa/01_source/sample-1160-0120.png, 0, 0, 127.10948181152344, 73.05699157714844, 68.56238, 74.864136, 137.10948, 83.05699, 120.37912, 2
/workspace/datasets/gustavo/balsa/01_source/sample-1692-0090.png, 0, 0, 120.0, 67.0, 38.5, 65.0, 130.0, 77.0, 90.0, 2
/workspace/datasets/gustavo/balsa/01_source/sample-2448-0110.png, 0, 0, 115.34288024902344, 57.461936950683594, 52.01953, 67.37564, 125.34288, 67.46194, 110.22485, 2
/workspace/datasets/gustavo/balsa/01_source/sample-325-0140.png, 0, 0, 139.82754516601562, 69.9063720703125, 81.64264, 74.57388, 149.82755, 79.90637, 140.01312, 2
/workspace/datasets/gustavo/balsa/01_source/sample-239-0180.png, 0, 0, 139.0, 75.0, 74.5, 42.5, 149.0, 85.0, -0.0, 2
/workspace/datasets/gustavo/balsa/01_source/sample-1779-0110.png, 0, 0, 124.815185546875, 66.63235473632812, 58.39975, 75.37671, 134.81519, 76.632355, 109.916405, 2
/workspace/datasets/gustavo/balsa/01_source/sample-2525-0020.png, 0, 0, 115.49104309082031, 61.26469421386719, 65.44632, 54.71707, 125.49104, 71.264694, 20.224854, 2
/workspace/datasets/gustavo/balsa/01_source/sample-1133-0100.png, 0, 0, 130.9663848876953, 74.89847564697266, 52.949066, 72.1245, 140.96638, 84.898476, 100.37585, 2
/workspace/datasets/gustavo/balsa/01_source/sample-1793-0000.png, 0, 0, 108.0, 55.0, 59.0, 32.5, 118.0, 65.0, -0.0, 2
/workspace/datasets/gustavo/balsa/01_source/sample-2747-0050.png, 0, 0, 120.61228942871094, 63.904380798339844, 66.60193, 72.57843, 130.61229, 73.90438, 50.092113, 2
/workspace/datasets/gustavo/balsa/01_source/sample-193-0120.png, 0, 0, 126.55868530273438, 72.01399230957031, 68.81, 73.83002, 136.55869, 82.01399, 119.93151, 2
/workspace/datasets/gustavo/balsa/01_source/sample-1619-0100.png, 0, 0, 133.0041961669922, 63.022735595703125, 47.44226, 70.39093, 143.0042, 73.022736, 99.97206, 2
/workspace/datasets/gustavo/balsa/01_source/sample-2781-0010.png, 0, 0, 119.73918151855469, 59.573020935058594, 64.1676, 43.088837, 129.73918, 69.57302, 8.471153, 2
/workspace/datasets/gustavo/balsa/01_source/sample-678.png, 0, 0, 132.81202697753906, 69.4275131225586, 76.0, 76.0, 142.81203, 79.42751, 129.3776, 2
/workspace/datasets/gustavo/balsa/01_source/sample-2570.png, 0, 0, 114.53372192382812, 54.97193908691406, 53.50003, 65.5, 124.53372, 64.97194, 112.067894, 2
/workspace/datasets/gustavo/balsa/01_source/sample-97.png, 0, 0, 125.48194885253906, 66.01079559326172, 71.00003, 71.500015, 135.48195, 76.010796, 126.78079, 2
/workspace/datasets/gustavo/balsa/01_source/sample-2366-0010.png, 0, 0, 131.0421600341797, 47.186279296875, 72.32025, 38.47165, 141.04216, 57.18628, 8.972626, 2
/workspace/datasets/gustavo/balsa/01_source/sample-2520-0000.png, 0, 0, 112.0, 61.0, 61.0, 35.5, 122.0, 71.0, 0.0, 2
/workspace/datasets/gustavo/balsa/01_source/sample-343-0020.png, 0, 0, 150.19203186035156, 83.29585266113281, 83.64598, 69.59851, 160.19203, 93.29585, 19.983109, 2
/workspace/datasets/gustavo/balsa/01_source/sample-2888-0100.png, 0, 0, 118.08053588867188, 56.89674377441406, 43.681152, 67.534, 128.08054, 66.89674, 100.61965, 2
/workspace/datasets/gustavo/balsa/01_source/sample-299-0010.png, 0, 0, 136.98272705078125, 80.41000366210938, 78.12372, 56.291443, 146.98273, 90.41, 9.904182, 2
/workspace/datasets/gustavo/balsa/01_source/sample-3111.png, 0, 0, 122.71441650390625, 63.59272766113281, 74.99997, 49.499985, 132.71442, 73.59273, 159.70824, 2
/workspace/datasets/gustavo/balsa/01_source/sample-1692-0110.png, 0, 0, 121.00454711914062, 67.61377716064453, 58.61609, 70.59253, 131.00455, 77.61378, 110.13631, 2
/workspace/datasets/gustavo/balsa/01_source/sample-131-0100.png, 0, 0, 125.14706420898438, 63.68498229980469, 47.572144, 67.42453, 135.14706, 73.68498, 100.00798, 2
/workspace/datasets/gustavo/balsa/01_source/sample-1330-0100.png, 0, 0, 136.61688232421875, 83.6702880859375, 56.050354, 64.21478, 146.61688, 93.67029, 100.00798, 2
/workspace/datasets/gustavo/balsa/01_source/sample-2542-0020.png, 0, 0, 113.71097564697266, 60.22819519042969, 65.27008, 53.007294, 123.710976, 70.228195, 19.983109, 2
/workspace/datasets/gustavo/balsa/01_source/sample-2706-0070.png, 0, 0, 116.10317993164062, 63.47474670410156, 48.649628, 71.03647, 126.10318, 73.47475, 70.01689, 2
/workspace/datasets/gustavo/balsa/01_source/sample-902-0100.png, 0, 0, 139.1953582763672, 74.59971618652344, 52.624786, 79.78256, 149.19536, 84.59972, 99.865814, 2
/workspace/datasets/gustavo/balsa/01_source/sample-109-0100.png, 0, 0, 121.03358459472656, 62.806373596191406, 46.72003, 69.53998, 131.03358, 72.80637, 100.30485, 2
/workspace/datasets/gustavo/balsa/01_source/sample-1238-0160.png, 0, 0, 134.47598266601562, 73.51346588134766, 81.45953, 59.76828, 144.47598, 83.513466, 160.08359, 2
/workspace/datasets/gustavo/balsa/01_source/sample-383-0110.png, 0, 0, 135.97659301757812, 81.31818389892578, 67.42102, 77.65477, 145.9766, 91.318184, 110.1858, 2
/workspace/datasets/gustavo/balsa/01_source/sample-1243-0040.png, 0, 0, 127.70314025878906, 73.3265609741211, 78.534454, 75.41379, 137.70314, 83.32656, 40.236355, 2
/workspace/datasets/gustavo/balsa/01_source/sample-2466-0100.png, 0, 0, 118.1513671875, 57.57392120361328, 43.75592, 66.36719, 128.15137, 67.57392, 100.12467, 2
/workspace/datasets/gustavo/balsa/01_source/sample-1177-0060.png, 0, 0, 135.85980224609375, 69.79774475097656, 68.25333, 82.64154, 145.8598, 79.797745, 60.154068, 2
/workspace/datasets/gustavo/balsa/01_source/sample-687-0160.png, 0, 0, 133.36122131347656, 75.09402465820312, 81.583954, 56.605804, 143.36122, 85.094025, 160.01689, 2
/workspace/datasets/gustavo/balsa/01_source/sample-825-0070.png, 0, 0, 132.08126831054688, 79.58787536621094, 63.00415, 81.36334, 142.08127, 89.587875, 69.95475, 2
/workspace/datasets/gustavo/balsa/01_source/sample-2359-0080.png, 0, 0, 120.31805419921875, 48.495548248291016, 40.032013, 66.676025, 130.31805, 58.49555, 79.69515, 2
/workspace/datasets/gustavo/balsa/01_source/sample-263-0110.png, 0, 0, 140.6317901611328, 72.41685485839844, 63.855972, 80.917694, 150.63179, 82.416855, 110.504974, 2
/workspace/datasets/gustavo/balsa/01_source/sample-171-0010.png, 0, 0, 128.1771697998047, 69.59228515625, 72.52344, 50.36676, 138.17717, 79.592285, 9.972061, 2
/workspace/datasets/gustavo/balsa/01_source/sample-817-0090.png, 0, 0, 139.0, 75.0, 42.5, 74.5, 149.0, 85.0, 90.0, 2
/workspace/datasets/gustavo/balsa/01_source/sample-2779-0180.png, 0, 0, 128.0, 59.0, 69.0, 34.5, 138.0, 69.0, 0.0, 2
/workspace/datasets/gustavo/balsa/01_source/sample-2458-0020.png, 0, 0, 117.68284606933594, 57.412139892578125, 68.05945, 53.11963, 127.682846, 67.41214, 20.194336, 2
/workspace/datasets/gustavo/balsa/01_source/sample-484-0130.png, 0, 0, 134.988525390625, 76.51879119873047, 78.50299, 80.17694, 144.98853, 86.51879, 129.93639, 2
/workspace/datasets/gustavo/balsa/01_source/sample-2524-0170.png, 0, 0, 115.63591766357422, 61.49211120605469, 67.26511, 44.149506, 125.63592, 71.49211, 170.13419, 2
/workspace/datasets/gustavo/balsa/01_source/sample-1270-0150.png, 0, 0, 130.9956512451172, 76.14147186279297, 81.2077, 71.76224, 140.99565, 86.14147, 149.87567, 2
/workspace/datasets/gustavo/balsa/01_source/sample-2071-0010.png, 0, 0, 112.59461975097656, 58.879150390625, 63.267883, 43.959595, 122.59462, 68.87915, 9.865814, 2
/workspace/datasets/gustavo/balsa/01_source/sample-944-0020.png, 0, 0, 144.8520050048828, 75.24996948242188, 73.94614, 65.14691, 154.852, 85.24997, 20.136307, 2
/workspace/datasets/gustavo/balsa/01_source/sample-2786-0150.png, 0, 0, 121.22378540039062, 59.74504089355469, 72.87778, 58.071167, 131.22379, 69.74504, 149.80838, 2
/workspace/datasets/gustavo/balsa/01_source/sample-2018-0140.png, 0, 0, 92.35808563232422, 57.43706512451172, 46.121643, 57.738922, 102.358086, 67.437065, 139.92711, 2
/workspace/datasets/gustavo/balsa/01_source/sample-1567-0100.png, 0, 0, 127.96281433105469, 73.3800048828125, 52.035095, 68.916336, 137.96281, 83.380005, 100.20397, 2
/workspace/datasets/gustavo/balsa/01_source/sample-2010-0080.png, 0, 0, 94.46910858154297, 58.155357360839844, 40.216034, 55.68799, 104.46911, 68.15536, 79.69515, 2
/workspace/datasets/gustavo/balsa/01_source/sample-1141-0170.png, 0, 0, 142.2571258544922, 71.60929107666016, 81.94232, 50.98802, 152.25713, 81.60929, 169.9194, 2
/workspace/datasets/gustavo/balsa/01_source/sample-531-0060.png, 0, 0, 135.3686981201172, 73.84746551513672, 66.49231, 82.86154, 145.3687, 83.847466, 60.25512, 2
/workspace/datasets/gustavo/balsa/01_source/sample-1145-0010.png, 0, 0, 149.47698974609375, 78.22501373291016, 82.60068, 56.429565, 159.47699, 88.22501, 10.00798, 2
/workspace/datasets/gustavo/balsa/01_source/sample-2789-0140.png, 0, 0, 115.20628356933594, 55.855926513671875, 68.29285, 62.753693, 125.20628, 65.85593, 139.93921, 2
/workspace/datasets/gustavo/balsa/01_source/sample-589-0100.png, 0, 0, 133.46612548828125, 75.95445251464844, 53.30002, 73.600006, 143.46613, 85.95445, 100.30485, 2
/workspace/datasets/gustavo/balsa/01_source/sample-1377-0040.png, 0, 0, 129.242431640625, 72.78839874267578, 65.541626, 75.54735, 139.24243, 82.7884, 39.946175, 2
/workspace/datasets/gustavo/balsa/01_source/sample-339-0130.png, 0, 0, 143.86627197265625, 82.03634643554688, 82.6427, 82.27954, 153.86627, 92.03635, 130.04456, 2
/workspace/datasets/gustavo/balsa/01_source/sample-1746-0030.png, 0, 0, 136.51171875, 79.83985900878906, 78.002075, 74.86481, 146.51172, 89.83986, 29.93151, 2
/workspace/datasets/gustavo/balsa/01_source/sample-898-0000.png, 0, 0, 129.0, 77.0, 69.5, 43.5, 139.0, 87.0, -0.0, 2
/workspace/datasets/gustavo/balsa/01_source/sample-753-0180.png, 0, 0, 143.0, 72.0, 76.5, 41.0, 153.0, 82.0, -0.0, 2
/workspace/datasets/gustavo/balsa/01_source/sample-875-0030.png, 0, 0, 136.92779541015625, 81.46075439453125, 84.50635, 74.821594, 146.9278, 91.460754, 28.610462, 2
/workspace/datasets/gustavo/balsa/01_source/sample-1732-0080.png, 0, 0, 129.6075439453125, 66.1759033203125, 46.981567, 75.06207, 139.60754, 76.1759, 79.99202, 2
/workspace/datasets/gustavo/balsa/01_source/sample-1606-0050.png, 0, 0, 122.90957641601562, 67.04393005371094, 70.73764, 72.623764, 132.90958, 77.04393, 50.71059, 2
/workspace/datasets/gustavo/balsa/01_source/sample-2025-0070.png, 0, 0, 100.19277954101562, 55.62745666503906, 48.8692, 59.5979, 110.19278, 65.62746, 69.86369, 2
/workspace/datasets/gustavo/balsa/01_source/sample-1242-0120.png, 0, 0, 128.29620361328125, 73.98661804199219, 68.34766, 80.56006, 138.2962, 83.98662, 121.607506, 2
/workspace/datasets/gustavo/balsa/01_source/sample-1758-0150.png, 0, 0, 134.1881866455078, 66.39611053466797, 80.681274, 65.94574, 144.18819, 76.39611, 150.1011, 2
/workspace/datasets/gustavo/balsa/01_source/sample-994-0000.png, 0, 0, 144.0, 79.0, 77.0, 44.5, 154.0, 89.0, -0.0, 2
/workspace/datasets/gustavo/balsa/01_source/sample-2110-0000.png, 0, 0, 113.0, 51.0, 61.5, 30.5, 123.0, 61.0, 0.0, 2
/workspace/datasets/gustavo/balsa/01_source/sample-957-0000.png, 0, 0, 141.0, 77.0, 75.5, 43.5, 151.0, 87.0, -0.0, 2
/workspace/datasets/gustavo/balsa/01_source/sample-2758-0120.png, 0, 0, 121.05223083496094, 63.960182189941406, 63.94629, 65.17883, 131.05223, 73.96018, 120.11374, 2
/workspace/datasets/gustavo/balsa/01_source/sample-3085-0170.png, 0, 0, 124.24261474609375, 63.26478576660156, 72.01312, 46.075012, 134.24261, 73.264786, 170.05943, 2
/workspace/datasets/gustavo/balsa/01_source/sample-2509-0070.png, 0, 0, 114.98027038574219, 54.701683044433594, 49.559814, 69.334656, 124.98027, 64.70168, 70.407715, 2
/workspace/datasets/gustavo/balsa/01_source/sample-1567-0120.png, 0, 0, 127.97567749023438, 73.01973724365234, 69.07782, 74.75485, 137.97568, 83.01974, 120.14139, 2
/workspace/datasets/gustavo/balsa/01_source/sample-3023-0120.png, 0, 0, 125.45783996582031, 60.767608642578125, 63.65631, 68.09091, 135.45784, 70.76761, 120.183685, 2
/workspace/datasets/gustavo/balsa/01_source/sample-2908-0040.png, 0, 0, 115.72955322265625, 59.426841735839844, 66.24588, 58.80301, 125.72955, 69.42684, 39.98688, 2
/workspace/datasets/gustavo/balsa/01_source/sample-523-0180.png, 0, 0, 141.0, 70.0, 75.5, 40.0, 151.0, 80.0, 0.0, 2
/workspace/datasets/gustavo/ssiv_bahia/01_source/sample-4443-0020.png, 0, 0, 162.40158081054688, 79.3023910522461, 70.85614, 69.883545, 172.40158, 89.30239, 20.556046, 0
/workspace/datasets/gustavo/ssiv_bahia/01_source/sample-5594-0040.png, 0, 0, 85.48200988769531, 58.64604949951172, 46.44995, 56.649963, 95.48201, 68.64605, 40.236355, 0
/workspace/datasets/gustavo/ssiv_bahia/01_source/sample-6886-0000.png, 0, 0, 79.0, 49.0, 44.5, 29.5, 89.0, 59.0, 0.0, 0
/workspace/datasets/gustavo/ssiv_bahia/01_source/sample-209-0110.png, 0, 0, 95.7275390625, 66.55049896240234, 52.95508, 55.12491, 105.72754, 76.5505, 109.74684, 0
/workspace/datasets/gustavo/ssiv_bahia/01_source/sample-3820.png, 0, 0, 120.64877319335938, 87.14370727539062, 67.5, 67.5, 130.64877, 97.14371, 70.61548, 0
/workspace/datasets/gustavo/ssiv_bahia/01_source/sample-4215-0020.png, 0, 0, 128.06419372558594, 95.94034576416016, 68.96347, 72.35031, 138.0642, 105.940346, 19.9831, 0
/workspace/datasets/gustavo/ssiv_bahia/01_source/sample-2501-0100.png, 0, 0, 101.00419616699219, 79.93805694580078, 50.44272, 62.29367, 111.004196, 89.93806, 101.04093, 0
/workspace/datasets/gustavo/ssiv_bahia/01_source/sample-2506-0140.png, 0, 0, 101.86656951904297, 81.35813903808594, 62.728653, 70.276276, 111.86657, 91.35814, 140.38931, 0
/workspace/datasets/gustavo/ssiv_bahia/01_source/sample-5775-0160.png, 0, 0, 83.77484893798828, 52.78379821777344, 54.503937, 40.51071, 93.77485, 62.7838, 159.90477, 0
/workspace/datasets/gustavo/ssiv_bahia/01_source/sample-4250-0000.png, 0, 0, 120.0, 89.0, 65.0, 49.5, 130.0, 99.0, 0.0, 0
/workspace/datasets/gustavo/ssiv_bahia/01_source/sample-4489-0080.png, 0, 0, 136.85296630859375, 82.17692565917969, 53.14624, 79.8851, 146.85297, 92.176926, 79.9194, 0
/workspace/datasets/gustavo/ssiv_bahia/01_source/sample-4497-0070.png, 0, 0, 145.27920532226562, 77.03926086425781, 58.549698, 86.62256, 155.2792, 87.03926, 70.22392, 0
/workspace/datasets/gustavo/ssiv_bahia/01_source/sample-2376-0100.png, 0, 0, 110.02772521972656, 83.14893341064453, 53.530212, 66.32892, 120.027725, 93.14893, 100.00798, 0
/workspace/datasets/gustavo/ssiv_bahia/01_source/sample-4569-0110.png, 0, 0, 138.90823364257812, 78.09430694580078, 65.78519, 79.78723, 148.90823, 88.09431, 110.09523, 0
/workspace/datasets/gustavo/ssiv_bahia/01_source/sample-4004-0130.png, 0, 0, 115.1766128540039, 90.52821350097656, 77.11664, 66.176544, 125.17661, 100.52821, 130.156, 0
/workspace/datasets/gustavo/ssiv_bahia/01_source/sample-1797-0060.png, 0, 0, 102.74756622314453, 72.73116302490234, 62.423096, 68.11536, 112.74757, 82.73116, 60.25512, 0
/workspace/datasets/gustavo/ssiv_bahia/01_source/sample-1090-0040.png, 0, 0, 99.84224700927734, 77.41930389404297, 69.51398, 58.983566, 109.84225, 87.419304, 40.33314, 0
/workspace/datasets/gustavo/ssiv_bahia/01_source/sample-6199-0120.png, 0, 0, 73.11697387695312, 38.215721130371094, 40.625885, 42.86035, 83.116974, 48.21572, 119.93151, 0
/workspace/datasets/gustavo/ssiv_bahia/01_source/sample-666-0000.png, 0, 0, 81.12067413330078, 58.95709228515625, 44.996674, 35.200012, 91.120674, 68.95709, 0.954842, 0
/workspace/datasets/gustavo/ssiv_bahia/01_source/sample-3578-0140.png, 0, 0, 105.79015350341797, 83.12413787841797, 67.053894, 72.06384, 115.79015, 93.12414, 139.844, 0
/workspace/datasets/gustavo/ssiv_bahia/01_source/sample-6805-0150.png, 0, 0, 78.31272888183594, 43.45896911621094, 50.923096, 42.115387, 88.31273, 53.45897, 150.25511, 0
/workspace/datasets/gustavo/ssiv_bahia/01_source/sample-7315-0120.png, 0, 0, 121.82730102539062, 72.59059143066406, 67.96991, 70.6918, 131.8273, 82.59059, 120.173515, 0
/workspace/datasets/gustavo/ssiv_bahia/01_source/sample-3951-0020.png, 0, 0, 124.96925354003906, 85.32878875732422, 58.897507, 67.77734, 134.96925, 95.32879, 20.282555, 0
/workspace/datasets/gustavo/ssiv_bahia/01_source/sample-1683-0000.png, 0, 0, 100.0, 70.0, 55.0, 40.0, 110.0, 80.0, -0.0, 0
/workspace/datasets/gustavo/ssiv_bahia/01_source/sample-5762-0160.png, 0, 0, 83.73114776611328, 54.845054626464844, 54.688538, 42.01422, 93.73115, 64.845055, 159.8637, 0
/workspace/datasets/gustavo/ssiv_bahia/01_source/sample-122-0090.png, 0, 0, 86.0, 65.0, 37.5, 48.0, 96.0, 75.0, 90.0, 0
/workspace/datasets/gustavo/ssiv_bahia/01_source/sample-5955-0070.png, 0, 0, 84.01924896240234, 52.8608512878418, 44.43268, 47.703888, 94.01925, 62.86085, 70.232834, 0
/workspace/datasets/gustavo/ssiv_bahia/01_source/sample-808-0020.png, 0, 0, 78.08427429199219, 64.15824890136719, 50.142334, 49.23355, 88.084274, 74.15825, 19.983109, 0
/workspace/datasets/gustavo/ssiv_bahia/01_source/sample-2278-0010.png, 0, 0, 103.94929504394531, 76.82245635986328, 63.35663, 50.793396, 113.949295, 86.82246, 10.244087, 0
/workspace/datasets/gustavo/ssiv_bahia/01_source/sample-6725-0060.png, 0, 0, 71.85761260986328, 41.64594268798828, 35.49997, 47.5, 81.85761, 51.645943, 60.101097, 0
/workspace/datasets/gustavo/ssiv_bahia/01_source/sample-1280-0110.png, 0, 0, 108.85291290283203, 75.39494323730469, 45.159363, 70.05734, 118.85291, 85.39494, 109.798874, 0
/workspace/datasets/gustavo/ssiv_bahia/01_source/sample-5052-0140.png, 0, 0, 76.1688232421875, 53.63433074951172, 52.811493, 47.07376, 86.16882, 63.63433, 140.19443, 0
/workspace/datasets/gustavo/ssiv_bahia/01_source/sample-1646-0040.png, 0, 0, 111.36383819580078, 69.80838012695312, 71.289734, 62.946472, 121.36384, 79.80838, 39.92039, 0
/workspace/datasets/gustavo/ssiv_bahia/01_source/sample-6086-0050.png, 0, 0, 87.48955535888672, 64.33463287353516, 58.324615, 60.267365, 97.489555, 74.33463, 49.969738, 0
/workspace/datasets/gustavo/ssiv_bahia/01_source/sample-4638-0040.png, 0, 0, 85.25942993164062, 50.433406829833984, 54.868866, 48.557373, 95.25943, 60.433407, 39.805576, 0
/workspace/datasets/gustavo/ssiv_bahia/01_source/sample-274-0070.png, 0, 0, 111.07901763916016, 78.35283660888672, 59.997803, 71.36536, 121.07902, 88.35284, 69.96899, 0
/workspace/datasets/gustavo/ssiv_bahia/01_source/sample-3024-0030.png, 0, 0, 103.11968231201172, 78.436767578125, 69.753845, 64.930756, 113.11968, 88.43677, 29.744884, 0
/workspace/datasets/gustavo/ssiv_bahia/01_source/sample-2947-0090.png, 0, 0, 104.99998474121094, 80.99998474121094, 45.5, 57.49997, 114.999985, 90.999985, 90.0, 0
/workspace/datasets/gustavo/ssiv_bahia/01_source/sample-4204-0150.png, 0, 0, 117.1293716430664, 94.47530364990234, 79.96451, 74.40512, 127.12937, 104.4753, 150.01836, 0
/workspace/datasets/gustavo/ssiv_bahia/01_source/sample-4693-0100.png, 0, 0, 75.89886474609375, 52.757164001464844, 36.038452, 47.80771, 85.898865, 62.757164, 101.30993, 0
/workspace/datasets/gustavo/ssiv_bahia/01_source/sample-370-0050.png, 0, 0, 105.2090835571289, 78.72028350830078, 65.1142, 72.105896, 115.20908, 88.72028, 49.184917, 0
/workspace/datasets/gustavo/ssiv_bahia/01_source/sample-4887-0180.png, 0, 0, 83.0, 47.0, 46.5, 28.5, 93.0, 57.0, 0.0, 0
/workspace/datasets/gustavo/ssiv_bahia/01_source/sample-4208-0150.png, 0, 0, 117.05924987792969, 97.23475646972656, 80.94089, 76.29947, 127.05925, 107.23476, 149.53445, 0
/workspace/datasets/gustavo/ssiv_bahia/01_source/sample-6405-0060.png, 0, 0, 77.28339385986328, 39.584232330322266, 37.29657, 49.832397, 87.283394, 49.584232, 60.52411, 0
/workspace/datasets/gustavo/ssiv_bahia/01_source/sample-2743-0160.png, 0, 0, 103.28782653808594, 79.19493865966797, 50.18979, 60.02188, 113.28783, 89.19494, 160.01689, 0
/workspace/datasets/gustavo/ssiv_bahia/01_source/sample-1146-0130.png, 0, 0, 108.88945007324219, 74.9722900390625, 44.3945, 72.324036, 118.88945, 84.97229, 129.40067, 0
/workspace/datasets/gustavo/ssiv_bahia/01_source/sample-6147-0070.png, 0, 0, 72.95812225341797, 36.81879425048828, 33.45984, 46.514587, 82.95812, 46.818794, 70.01689, 0
/workspace/datasets/gustavo/ssiv_bahia/01_source/sample-622-0110.png, 0, 0, 107.48728942871094, 82.93112182617188, 62.13147, 63.54724, 117.48729, 92.93112, 109.767166, 0
/workspace/datasets/gustavo/ssiv_bahia/01_source/sample-5183-0150.png, 0, 0, 83.73068237304688, 52.50946044921875, 55.253113, 42.562347, 93.73068, 62.50946, 150.57254, 0
/workspace/datasets/gustavo/ssiv_bahia/01_source/sample-1193-0020.png, 0, 0, 102.48483276367188, 67.12969970703125, 65.63043, 46.636566, 112.48483, 77.1297, 19.746841, 0
/workspace/datasets/gustavo/ssiv_bahia/01_source/sample-2373-0080.png, 0, 0, 109.68241882324219, 83.31287384033203, 55.46649, 56.505768, 119.68242, 93.312874, 80.21759, 0
/workspace/datasets/gustavo/ssiv_bahia/01_source/sample-1925-0170.png, 0, 0, 104.4086685180664, 70.69432067871094, 62.711395, 48.197983, 114.40867, 80.69432, 169.99202, 0
/workspace/datasets/gustavo/ssiv_bahia/01_source/sample-7447-0050.png, 0, 0, 112.9703369140625, 74.52293395996094, 68.85675, 73.620026, 122.97034, 84.522934, 50.053825, 0
/workspace/datasets/gustavo/ssiv_bahia/01_source/sample-5594-0170.png, 0, 0, 85.10273742675781, 58.558349609375, 52.336243, 38.582825, 95.10274, 68.55835, 169.87534, 0
/workspace/datasets/gustavo/ssiv_bahia/01_source/sample-5596-0130.png, 0, 0, 85.48200988769531, 58.64604949951172, 56.349976, 46.44998, 95.48201, 68.64605, 130.23636, 0
/workspace/datasets/gustavo/ssiv_bahia/01_source/sample-2660-0110.png, 0, 0, 97.7948989868164, 82.93067169189453, 54.39041, 65.95892, 107.7949, 92.93067, 110.556046, 0
/workspace/datasets/gustavo/ssiv_bahia/01_source/sample-2446-0140.png, 0, 0, 103.58918762207031, 79.12449645996094, 59.84561, 69.31366, 113.58919, 89.1245, 140.35583, 0
/workspace/datasets/gustavo/ssiv_bahia/01_source/sample-7254-0060.png, 0, 0, 113.76457977294922, 72.02111053466797, 61.94397, 73.43622, 123.76458, 82.02111, 60.018364, 0
/workspace/datasets/gustavo/ssiv_bahia/01_source/sample-3898-0000.png, 0, 0, 117.0, 88.0, 63.5, 49.0, 127.0, 98.0, -0.0, 0
/workspace/datasets/gustavo/ssiv_bahia/01_source/sample-458-0110.png, 0, 0, 107.83073425292969, 81.47447967529297, 62.821533, 64.93451, 117.830734, 91.47448, 110.15761, 0
/workspace/datasets/gustavo/ssiv_bahia/01_source/sample-1160-0120.png, 0, 0, 110.23322296142578, 73.52027893066406, 31.380142, 72.50769, 120.23322, 83.52028, 119.98164, 0
/workspace/datasets/gustavo/ssiv_bahia/01_source/sample-6947-0140.png, 0, 0, 87.68521118164062, 51.43394470214844, 56.846863, 45.02063, 97.68521, 61.433945, 140.31454, 0
/workspace/datasets/gustavo/ssiv_bahia/01_source/sample-6564-0000.png, 0, 0, 70.0, 41.0, 40.0, 25.5, 80.0, 51.0, -0.0, 0
/workspace/datasets/gustavo/ssiv_bahia/01_source/sample-6946-0050.png, 0, 0, 83.19840240478516, 44.832061767578125, 44.12317, 52.3963, 93.1984, 54.83206, 49.89909, 0
/workspace/datasets/gustavo/ssiv_bahia/01_source/sample-1692-0090.png, 0, 0, 104.0, 65.0, 37.5, 57.0, 114.0, 75.0, 90.0, 0
/workspace/datasets/gustavo/ssiv_bahia/01_source/sample-5016-0000.png, 0, 0, 75.99998474121094, 54.99998474121094, 43.0, 32.49997, 85.999985, 64.999985, 0.0, 0
/workspace/datasets/gustavo/ssiv_bahia/01_source/sample-4371-0030.png, 0, 0, 140.66551208496094, 88.31256866455078, 73.681915, 79.18713, 150.66551, 98.31257, 30.173515, 0
/workspace/datasets/gustavo/ssiv_bahia/01_source/sample-3245-0030.png, 0, 0, 107.70851135253906, 75.25617218017578, 71.43866, 57.246124, 117.70851, 85.25617, 30.191624, 0
/workspace/datasets/gustavo/ssiv_bahia/01_source/sample-2448-0110.png, 0, 0, 103.54412841796875, 78.5114517211914, 54.620422, 67.54379, 113.54413, 88.51145, 109.98311, 0
/workspace/datasets/gustavo/ssiv_bahia/01_source/sample-325-0140.png, 0, 0, 107.18347930908203, 86.44818878173828, 75.07367, 70.27815, 117.18348, 96.44819, 139.96974, 0
/workspace/datasets/gustavo/ssiv_bahia/01_source/sample-5728-0180.png, 0, 0, 83.0, 56.0, 46.5, 33.0, 93.0, 66.0, -0.0, 0
/workspace/datasets/gustavo/ssiv_bahia/01_source/sample-3351-0080.png, 0, 0, 102.35420989990234, 76.22693634033203, 51.83191, 52.941742, 112.35421, 86.22694, 80.04937, 0
/workspace/datasets/gustavo/ssiv_bahia/01_source/sample-239-0180.png, 0, 0, 88.0, 68.0, 49.0, 39.0, 98.0, 78.0, -0.0, 0
/workspace/datasets/gustavo/ssiv_bahia/01_source/sample-1779-0110.png, 0, 0, 100.7247543334961, 69.62612915039062, 53.627747, 61.77368, 110.724754, 79.62613, 109.98311, 0
/workspace/datasets/gustavo/ssiv_bahia/01_source/sample-2525-0020.png, 0, 0, 109.31451416015625, 87.73944854736328, 71.86951, 61.363403, 119.314514, 97.73945, 19.746841, 0
/workspace/datasets/gustavo/ssiv_bahia/01_source/sample-1133-0100.png, 0, 0, 94.73576354980469, 69.97464752197266, 37.624023, 58.111145, 104.73576, 79.97465, 100.0975, 0
/workspace/datasets/gustavo/ssiv_bahia/01_source/sample-1793-0000.png, 0, 0, 100.99998474121094, 69.99998474121094, 55.49997, 40.0, 110.999985, 79.999985, 0.0, 0
/workspace/datasets/gustavo/ssiv_bahia/01_source/sample-2747-0050.png, 0, 0, 102.88567352294922, 79.14425659179688, 69.2854, 61.098694, 112.88567, 89.14426, 50.042454, 0
/workspace/datasets/gustavo/ssiv_bahia/01_source/sample-2221-0160.png, 0, 0, 106.70319366455078, 82.28599548339844, 62.173157, 62.973267, 116.70319, 92.285995, 159.90477, 0
/workspace/datasets/gustavo/ssiv_bahia/01_source/sample-7080-0150.png, 0, 0, 75.43289947509766, 53.428218841552734, 52.7442, 39.41513, 85.4329, 63.42822, 149.53445, 0
/workspace/datasets/gustavo/ssiv_bahia/01_source/sample-6911.png, 0, 0, 76.46259307861328, 43.714237213134766, 50.0, 36.5, 86.46259, 53.714237, 158.90765, 0
/workspace/datasets/gustavo/ssiv_bahia/01_source/sample-5301.png, 0, 0, 80.85005187988281, 56.266639709472656, 55.50003, 44.0, 90.85005, 66.26664, 153.10376, 0
/workspace/datasets/gustavo/ssiv_bahia/01_source/sample-6248-0040.png, 0, 0, 72.8398666381836, 37.37364959716797, 41.540985, 43.450806, 82.83987, 47.37365, 39.80557, 0
/workspace/datasets/gustavo/ssiv_bahia/01_source/sample-193-0120.png, 0, 0, 92.14327239990234, 66.92394256591797, 57.59601, 57.266907, 102.14327, 76.92394, 119.98164, 0
/workspace/datasets/gustavo/ssiv_bahia/01_source/sample-3983-0020.png, 0, 0, 128.23390197753906, 89.20793914794922, 67.81781, 69.63321, 138.2339, 99.20794, 20.136307, 0
/workspace/datasets/gustavo/ssiv_bahia/01_source/sample-1619-0100.png, 0, 0, 103.80685424804688, 72.16454315185547, 41.867126, 62.2442, 113.806854, 82.16454, 100.12467, 0
/workspace/datasets/gustavo/ssiv_bahia/01_source/sample-3680-0000.png, 0, 0, 111.0, 96.0, 60.5, 53.0, 121.0, 106.0, -0.0, 0
/workspace/datasets/gustavo/ssiv_bahia/01_source/sample-2781-0010.png, 0, 0, 94.06866455078125, 80.03870391845703, 59.183563, 50.051666, 104.068665, 90.038704, 10.954063, 0
/workspace/datasets/gustavo/ssiv_bahia/01_source/sample-3340-0170.png, 0, 0, 104.4086685180664, 76.37129974365234, 49.100677, 52.070496, 114.40867, 86.3713, 169.99202, 0
/workspace/datasets/gustavo/ssiv_bahia/01_source/sample-5640-0070.png, 0, 0, 80.12166595458984, 54.48966979980469, 40.726013, 53.102722, 90.121666, 64.48967, 69.443954, 0
/workspace/datasets/gustavo/ssiv_bahia/01_source/sample-4580-0010.png, 0, 0, 140.50308227539062, 79.35458374023438, 66.433685, 56.374268, 150.50308, 89.35458, 10.049347, 0
/workspace/datasets/gustavo/ssiv_bahia/01_source/sample-2287-0080.png, 0, 0, 104.21142578125, 76.99234008789062, 52.0791, 56.658783, 114.211426, 86.99234, 80.21759, 0
/workspace/datasets/gustavo/ssiv_bahia/01_source/sample-678.png, 0, 0, 80.94876861572266, 55.637786865234375, 56.0, 47.000015, 90.94877, 65.63779, 141.11551, 0
/workspace/datasets/gustavo/ssiv_bahia/01_source/sample-3630.png, 0, 0, 111.65839385986328, 85.248291015625, 63.5, 56.000015, 121.658394, 95.24829, 72.776566, 0
/workspace/datasets/gustavo/ssiv_bahia/01_source/sample-4905-0140.png, 0, 0, 81.43221282958984, 57.43829345703125, 55.167053, 49.495575, 91.43221, 67.43829, 140.33215, 0
/workspace/datasets/gustavo/ssiv_bahia/01_source/sample-7464.png, 0, 0, 111.39598846435547, 65.91452026367188, 65.0, 45.000015, 121.39599, 75.91452, 172.7555, 0
/workspace/datasets/gustavo/ssiv_bahia/01_source/sample-2570.png, 0, 0, 99.07735443115234, 78.58967590332031, 67.5, 62.5, 109.077354, 88.589676, 55.195988, 0
/workspace/datasets/gustavo/ssiv_bahia/01_source/sample-97.png, 0, 0, 85.5926742553711, 62.71204376220703, 60.0, 55.5, 95.592674, 72.71204, 140.35582, 0
/workspace/datasets/gustavo/ssiv_bahia/01_source/sample-5232.png, 0, 0, 80.69678497314453, 56.79890441894531, 55.99997, 48.0, 90.696785, 66.798904, 149.74356, 0
/workspace/datasets/gustavo/ssiv_bahia/01_source/sample-4251-0170.png, 0, 0, 121.32376098632812, 91.0271987915039, 72.7265, 59.28354, 131.32376, 101.0272, 169.99202, 0
